0.37891
50 50 0.01
1 1 1 1 1 1 1 1 1 1 1 1 1 1 1 1 1 1 1 1 1 1 1 1 1 1 1 1 1 1 1 1 1 1 1 1 1 1 1 1 1 1 1 1 1 1 1 1 1 1 
2 1.98423 1.93717 1.85955 1.75261 1.61803 1.45794 1.27485 1.07165 0.851559 0.618034 0.374763 0.125581 -0.125581 -0.374763 -0.618034 -0.851559 -1.07165 -1.27485 -1.45794 -1.61803 -1.75261 -1.85955 -1.93717 -1.98423 -2 -1.98423 -1.93717 -1.85955 -1.75261 -1.61803 -1.45794 -1.27485 -1.07165 -0.851559 -0.618034 -0.374763 -0.125581 0.125581 0.374762 0.618034 0.851558 1.07165 1.27485 1.45794 1.61803 1.75261 1.85955 1.93717 1.98423 
0 0.250666 0.49738 0.736249 0.963507 1.17557 1.36909 1.54103 1.68866 1.80965 1.90211 1.96457 1.99605 1.99605 1.96457 1.90211 1.80965 1.68866 1.54103 1.36909 1.17557 0.963507 0.736249 0.49738 0.250667 1.0718e-07 -0.250666 -0.49738 -0.736249 -0.963507 -1.17557 -1.36909 -1.54103 -1.68866 -1.80965 -1.90211 -1.96457 -1.99605 -1.99605 -1.96457 -1.90211 -1.80965 -1.68866 -1.54103 -1.36909 -1.17557 -0.963508 -0.736249 -0.49738 -0.250667 
1.9999 1.98169 1.93223 1.85229 1.74314 1.6065 1.44452 1.25977 1.05514 0.833877 0.599463 0.355594 0.106117 -0.145033 -0.393896 -0.636547 -0.869159 -1.08806 -1.28981 -1.47121 -1.62942 -1.76192 -1.86664 -1.94192 -1.98658 -1.9999 -1.98169 -1.93223 -1.85229 -1.74314 -1.6065 -1.44452 -1.25977 -1.05514 -0.833878 -0.599463 -0.355594 -0.106118 0.145033 0.393896 0.636546 0.869159 1.08806 1.28981 1.47121 1.62942 1.76192 1.86664 1.94192 1.98658 
0.0194962 0.269997 0.51624 0.754341 0.980546 1.19129 1.38324 1.55338 1.69902 1.81787 1.90805 1.96813 1.99718 1.99473 1.96083 1.896 1.80127 1.67813 1.52853 1.35482 1.15974 0.946377 0.718087 0.478473 0.231312 -0.0194961 -0.269997 -0.51624 -0.754341 -0.980546 -1.19129 -1.38324 -1.55338 -1.69902 -1.81787 -1.90805 -1.96813 -1.99718 -1.99473 -1.96083 -1.896 -1.80127 -1.67813 -1.52853 -1.35482 -1.15974 -0.946377 -0.718087 -0.478473 -0.231312 
1.99962 1.97897 1.9271 1.84485 1.7335 1.59481 1.43097 1.24456 1.03853 0.816117 0.580834 0.336392 0.0866437 -0.164471 -0.412991 -0.654999 -0.886676 -1.10437 -1.30465 -1.48435 -1.64064 -1.77106 -1.87355 -1.94649 -1.98874 -1.99962 -1.97897 -1.9271 -1.84485 -1.7335 -1.59481 -1.43097 -1.24456 -1.03853 -0.816117 -0.580835 -0.336392 -0.0866438 0.164471 0.412991 0.654999 0.886676 1.10437 1.30465 1.48435 1.64064 1.77106 1.87355 1.94649 1.98874 
0.0389905 0.289302 0.535051 0.772362 0.997492 1.20689 1.39726 1.56559 1.70923 1.82591 1.9138 1.97151 1.99812 1.99323 1.9569 1.8897 1.79271 1.66744 1.51588 1.34041 1.1438 0.929157 0.699857 0.45952 0.211936 -0.0389904 -0.289302 -0.535051 -0.772362 -0.997492 -1.20689 -1.39726 -1.56559 -1.70923 -1.82591 -1.9138 -1.97151 -1.99812 -1.99323 -1.9569 -1.8897 -1.79271 -1.66744 -1.51588 -1.34041 -1.1438 -0.929157 -0.699857 -0.45952 -0.211936 
1.99914 1.97605 1.92179 1.83723 1.72369 1.58297 1.41728 1.22924 1.02182 0.798279 0.562151 0.317157 0.0671617 -0.183893 -0.432048 -0.673388 -0.90411 -1.12057 -1.31936 -1.49735 -1.65172 -1.78004 -1.88029 -1.95088 -1.99071 -1.99914 -1.97605 -1.92179 -1.83723 -1.72369 -1.58297 -1.41728 -1.22924 -1.02182 -0.798279 -0.562151 -0.317157 -0.0671618 0.183893 0.432047 0.673388 0.90411 1.12057 1.31936 1.49735 1.65172 1.78004 1.88029 1.95088 1.99071 
0.0584811 0.308579 0.553811 0.790309 1.01434 1.22238 1.41114 1.57764 1.71927 1.83378 1.91937 1.97469 1.99887 1.99153 1.95278 1.88323 1.78398 1.6566 1.50309 1.32588 1.12776 0.911848 0.68156 0.440523 0.192539 -0.058481 -0.308579 -0.553811 -0.790309 -1.01434 -1.22238 -1.41114 -1.57764 -1.71927 -1.83378 -1.91937 -1.97469 -1.99887 -1.99153 -1.95278 -1.88323 -1.78398 -1.6566 -1.50309 -1.32588 -1.12776 -0.911848 -0.68156 -0.440523 -0.19254 
1.99848 1.97295 1.9163 1.82944 1.71372 1.57098 1.40346 1.2138 1.00501 0.780365 0.543414 0.297893 0.0476733 -0.203298 -0.451063 -0.691714 -0.921457 -1.13667 -1.33395 -1.5102 -1.66263 -1.78884 -1.88684 -1.95508 -1.99249 -1.99848 -1.97295 -1.9163 -1.82944 -1.71372 -1.57098 -1.40346 -1.21381 -1.00501 -0.780366 -0.543414 -0.297893 -0.0476734 0.203298 0.451063 0.691714 0.921457 1.13667 1.33395 1.5102 1.66263 1.78884 1.88684 1.95508 1.99249 
0.0779662 0.327827 0.572518 0.808181 1.0311 1.23775 1.42489 1.58955 1.72915 1.84147 1.92476 1.97769 1.99943 1.98964 1.94847 1.87657 1.77508 1.6456 1.49016 1.31122 1.1116 0.894453 0.663198 0.421485 0.173125 -0.0779661 -0.327827 -0.572518 -0.80818 -1.0311 -1.23775 -1.42489 -1.58955 -1.72915 -1.84147 -1.92476 -1.97769 -1.99943 -1.98964 -1.94847 -1.87657 -1.77508 -1.6456 -1.49016 -1.31122 -1.1116 -0.894453 -0.663199 -0.421485 -0.173125 
1.99762 1.96966 1.91063 1.82147 1.70359 1.55884 1.3895 1.19825 0.988106 0.762377 0.524625 0.2786 0.0281804 -0.222683 -0.470035 -0.709975 -0.938717 -1.15266 -1.34842 -1.52291 -1.67339 -1.79748 -1.89322 -1.9591 -1.99409 -1.99762 -1.96966 -1.91063 -1.82147 -1.70359 -1.55884 -1.3895 -1.19825 -0.988106 -0.762378 -0.524626 -0.2786 -0.0281805 0.222683 0.470035 0.709974 0.938717 1.15266 1.34842 1.52291 1.67339 1.79748 1.89322 1.9591 1.99409 
0.0974438 0.347044 0.591172 0.825976 1.04775 1.25301 1.4385 1.60131 1.73886 1.84899 1.92997 1.9805 1.9998 1.98756 1.94398 1.86974 1.76602 1.63444 1.47708 1.29643 1.09534 0.876972 0.644774 0.402407 0.153693 -0.0974437 -0.347044 -0.591171 -0.825976 -1.04775 -1.25301 -1.4385 -1.60131 -1.73886 -1.84899 -1.92997 -1.9805 -1.9998 -1.98756 -1.94398 -1.86974 -1.76602 -1.63444 -1.47708 -1.29643 -1.09534 -0.876973 -0.644774 -0.402407 -0.153694 
1.99658 1.96618 1.90478 1.81333 1.69329 1.54655 1.37541 1.18259 0.971109 0.744317 0.505787 0.25928 0.00868485 -0.242048 -0.488963 -0.728167 -0.955888 -1.16853 -1.36275 -1.53548 -1.68399 -1.80594 -1.89941 -1.96293 -1.99549 -1.99658 -1.96618 -1.90478 -1.81333 -1.69329 -1.54655 -1.37541 -1.18259 -0.971109 -0.744317 -0.505787 -0.259281 -0.00868495 0.242048 0.488963 0.728167 0.955888 1.16853 1.36275 1.53548 1.68399 1.80594 1.89941 1.96293 1.99549 
0.116912 0.366228 0.609768 0.843692 1.06431 1.26814 1.45198 1.61291 1.74841 1.85634 1.93499 1.98312 1.99998 1.9853 1.93931 1.86273 1.75678 1.62312 1.46387 1.28153 1.07898 0.859409 0.626288 0.38329 0.134248 -0.116912 -0.366228 -0.609768 -0.843692 -1.06431 -1.26814 -1.45198 -1.61291 -1.74841 -1.85634 -1.93499 -1.98312 -1.99998 -1.9853 -1.93931 -1.86273 -1.75678 -1.62312 -1.46387 -1.28153 -1.07898 -0.859409 -0.626288 -0.38329 -0.134248 
1.99535 1.96252 1.89874 1.80502 1.68284 1.53411 1.36119 1.16681 0.954019 0.726186 0.486901 0.239936 -0.0108116 -0.261389 -0.507844 -0.746291 -0.972967 -1.1843 -1.37696 -1.5479 -1.69442 -1.81423 -1.90543 -1.96657 -1.9967 -1.99535 -1.96252 -1.89874 -1.80502 -1.68284 -1.53411 -1.36119 -1.16681 -0.954019 -0.726186 -0.486901 -0.239937 0.0108114 0.261389 0.507844 0.746291 0.972967 1.1843 1.37696 1.5479 1.69442 1.81423 1.90543 1.96657 1.9967 
0.136369 0.385377 0.628307 0.861329 1.08077 1.28316 1.46532 1.62437 1.7578 1.86351 1.93983 1.98556 1.99997 1.98285 1.93445 1.85555 1.74738 1.61166 1.45051 1.2665 1.06251 0.841764 0.607743 0.364137 0.114789 -0.136369 -0.385377 -0.628307 -0.861329 -1.08077 -1.28316 -1.46532 -1.62437 -1.7578 -1.86351 -1.93983 -1.98556 -1.99997 -1.98285 -1.93445 -1.85555 -1.74738 -1.61166 -1.45052 -1.2665 -1.06251 -0.841764 -0.607743 -0.364137 -0.114789 
1.99392 1.95867 1.89253 1.79654 1.67222 1.52153 1.34684 1.15092 0.936839 0.707986 0.467968 0.22057 -0.0303069 -0.280706 -0.526677 -0.764343 -0.989955 -1.19995 -1.39103 -1.56017 -1.7047 -1.82235 -1.91126 -1.97003 -1.99773 -1.99392 -1.95867 -1.89253 -1.79654 -1.67222 -1.52153 -1.34684 -1.15092 -0.936839 -0.707986 -0.467968 -0.22057 0.0303068 0.280706 0.526677 0.764343 0.989955 1.19995 1.39103 1.56017 1.7047 1.82235 1.91126 1.97003 1.99773 
0.155814 0.40449 0.646787 0.878883 1.09712 1.29805 1.47852 1.63566 1.76701 1.8705 1.94448 1.9878 1.99977 1.9802 1.92941 1.84818 1.73781 1.60003 1.43702 1.25135 1.04594 0.824038 0.589139 0.34495 0.0953195 -0.155814 -0.40449 -0.646787 -0.878883 -1.09712 -1.29805 -1.47852 -1.63566 -1.76701 -1.8705 -1.94448 -1.9878 -1.99977 -1.9802 -1.92941 -1.84818 -1.73781 -1.60003 -1.43702 -1.25135 -1.04594 -0.824038 -0.58914 -0.34495 -0.0953197 
1.99231 1.95463 1.88613 1.78789 1.66145 1.50881 1.33237 1.13492 0.919569 0.689718 0.448991 0.201182 -0.0497994 -0.299995 -0.54546 -0.782323 -1.00685 -1.21549 -1.40497 -1.57229 -1.71482 -1.8303 -1.91691 -1.9733 -1.99856 -1.99231 -1.95463 -1.88613 -1.78789 -1.66145 -1.50881 -1.33237 -1.13492 -0.919569 -0.689719 -0.448991 -0.201182 0.0497993 0.299995 0.54546 0.782323 1.00685 1.21549 1.40497 1.57229 1.71482 1.8303 1.91691 1.9733 1.99856 
0.175243 0.423564 0.665204 0.896354 1.11337 1.31282 1.49158 1.6468 1.77606 1.87731 1.94895 1.98986 1.99938 1.97737 1.92418 1.84064 1.72808 1.58826 1.4234 1.23608 1.02927 0.806235 0.57048 0.325729 0.075841 -0.175243 -0.423564 -0.665204 -0.896354 -1.11337 -1.31282 -1.49158 -1.6468 -1.77606 -1.87731 -1.94895 -1.98986 -1.99938 -1.97737 -1.92418 -1.84064 -1.72808 -1.58826 -1.4234 -1.23608 -1.02927 -0.806235 -0.57048 -0.325729 -0.0758411 
1.9905 1.95041 1.87956 1.77907 1.65052 1.49594 1.31776 1.11881 0.902212 0.671386 0.429971 0.181775 -0.0692872 -0.319257 -0.564192 -0.800229 -1.02365 -1.23092 -1.41878 -1.58427 -1.72477 -1.83807 -1.92238 -1.97638 -1.99921 -1.9905 -1.95041 -1.87956 -1.77907 -1.65052 -1.49594 -1.31776 -1.11881 -0.902212 -0.671386 -0.429971 -0.181775 0.0692871 0.319257 0.564192 0.800229 1.02365 1.23092 1.41878 1.58427 1.72477 1.83807 1.92238 1.97638 1.99921 
0.194656 0.442598 0.683559 0.91374 1.12951 1.32747 1.50449 1.65779 1.78494 1.88394 1.95323 1.99172 1.9988 1.97435 1.91877 1.83293 1.71818 1.57634 1.40963 1.2207 1.01251 0.788355 0.551767 0.306478 0.0563552 -0.194656 -0.442598 -0.683559 -0.91374 -1.12951 -1.32747 -1.50449 -1.65779 -1.78494 -1.88394 -1.95323 -1.99172 -1.9988 -1.97435 -1.91877 -1.83293 -1.71818 -1.57634 -1.40963 -1.2207 -1.01251 -0.788355 -0.551767 -0.306478 -0.0563554 
1.98851 1.946 1.87281 1.77008 1.63943 1.48292 1.30304 1.1026 0.88477 0.652989 0.41091 0.162351 -0.0887684 -0.338488 -0.582869 -0.818058 -1.04035 -1.24623 -1.43245 -1.59609 -1.73456 -1.84567 -1.92767 -1.97927 -1.99966 -1.98851 -1.946 -1.87281 -1.77008 -1.63943 -1.48292 -1.30304 -1.1026 -0.88477 -0.652989 -0.41091 -0.162351 0.0887683 0.338488 0.582869 0.818058 1.04035 1.24623 1.43245 1.59609 1.73456 1.84567 1.92767 1.97927 1.99966 
0.214051 0.461589 0.701849 0.931039 1.14555 1.34199 1.51727 1.66862 1.79365 1.8904 1.95733 1.9934 1.99803 1.97115 1.91318 1.82504 1.70812 1.56426 1.39573 1.20519 0.995648 0.770399 0.533001 0.287197 0.0368641 -0.21405 -0.461589 -0.701849 -0.931039 -1.14555 -1.34199 -1.51727 -1.66862 -1.79365 -1.8904 -1.95733 -1.9934 -1.99803 -1.97115 -1.91318 -1.82504 -1.70812 -1.56426 -1.39573 -1.20519 -0.995648 -0.7704 -0.533001 -0.287197 -0.0368643 
1.98633 1.94141 1.86588 1.76092 1.62818 1.46977 1.28818 1.08628 0.867243 0.63453 0.39181 0.142912 -0.108241 -0.357687 -0.601491 -0.83581 -1.05695 -1.26142 -1.44599 -1.60776 -1.74418 -1.85309 -1.93277 -1.98198 -1.99992 -1.98633 -1.94141 -1.86588 -1.76092 -1.62818 -1.46977 -1.28818 -1.08628 -0.867243 -0.63453 -0.39181 -0.142912 0.108241 0.357687 0.601491 0.83581 1.05695 1.26142 1.44599 1.60776 1.74418 1.85309 1.93277 1.98198 1.99992 
0.233425 0.480537 0.720072 0.94825 1.16147 1.35638 1.5299 1.67929 1.80219 1.89667 1.96125 1.99489 1.99707 1.96776 1.90741 1.81698 1.6979 1.55204 1.3817 1.18958 0.978692 0.752371 0.514185 0.26789 0.0173695 -0.233424 -0.480537 -0.720072 -0.94825 -1.16147 -1.35638 -1.5299 -1.67929 -1.80219 -1.89667 -1.96125 -1.99489 -1.99707 -1.96776 -1.90741 -1.81698 -1.6979 -1.55204 -1.3817 -1.18958 -0.978692 -0.752371 -0.514185 -0.26789 -0.0173697 
1.98396 1.93664 1.85877 1.75159 1.61678 1.45648 1.27321 1.06986 0.849634 0.616011 0.372673 0.123458 -0.127704 -0.376852 -0.620056 -0.853482 -1.07345 -1.27649 -1.45939 -1.61928 -1.75364 -1.86033 -1.93769 -1.98449 -2 -1.98396 -1.93664 -1.85877 -1.75159 -1.61678 -1.45648 -1.27321 -1.06986 -0.849634 -0.616011 -0.372673 -0.123458 0.127703 0.376851 0.620056 0.853482 1.07345 1.27649 1.45939 1.61928 1.75364 1.86033 1.93769 1.98449 2 
0.252776 0.49944 0.738226 0.965371 1.17729 1.37064 1.54238 1.68979 1.81056 1.90277 1.96497 1.99619 1.99592 1.96417 1.90145 1.80875 1.68752 1.53967 1.36754 1.17385 0.961643 0.734271 0.49532 0.248556 -0.00212674 -0.252776 -0.499439 -0.738226 -0.96537 -1.17729 -1.37064 -1.54238 -1.68979 -1.81056 -1.90277 -1.96497 -1.99619 -1.99592 -1.96417 -1.90145 -1.80875 -1.68752 -1.53967 -1.36754 -1.17385 -0.961643 -0.734271 -0.49532 -0.248556 0.00212656 
1.9814 1.93168 1.85148 1.74209 1.60523 1.44305 1.25811 1.05333 0.831944 0.597433 0.353501 0.103994 -0.147154 -0.395981 -0.638562 -0.871074 -1.08985 -1.29143 -1.47265 -1.63065 -1.76293 -1.8674 -1.94243 -1.98682 -1.99988 -1.9814 -1.93168 -1.85148 -1.74209 -1.60523 -1.44305 -1.25811 -1.05333 -0.831944 -0.597433 -0.353501 -0.103994 0.147154 0.39598 0.638562 0.871074 1.08985 1.29143 1.47265 1.63065 1.76293 1.8674 1.94243 1.98682 1.99988 
0.272104 0.518294 0.756311 0.982399 1.193 1.38478 1.55472 1.70014 1.81875 1.90868 1.96851 1.99729 1.99458 1.96041 1.89532 1.80034 1.67697 1.52715 1.35325 1.15801 0.944503 0.716102 0.476407 0.2292 -0.0216228 -0.272104 -0.518294 -0.75631 -0.982399 -1.19299 -1.38478 -1.55472 -1.70014 -1.81875 -1.90868 -1.96851 -1.99729 -1.99458 -1.96041 -1.89532 -1.80034 -1.67697 -1.52715 -1.35325 -1.15801 -0.944503 -0.716102 -0.476407 -0.2292 0.0216226 
1.97866 1.92653 1.84402 1.73243 1.59352 1.42948 1.2429 1.03671 0.814175 0.578799 0.334295 0.0845188 -0.16659 -0.415072 -0.657008 -0.888582 -1.10614 -1.30626 -1.48578 -1.64186 -1.77205 -1.8743 -1.94698 -1.98896 -1.99958 -1.97866 -1.92653 -1.84402 -1.73243 -1.59352 -1.42948 -1.2429 -1.03671 -0.814175 -0.578799 -0.334295 -0.0845189 0.16659 0.415072 0.657008 0.888582 1.10614 1.30626 1.48578 1.64186 1.77205 1.8743 1.94698 1.98896 1.99958 
0.291406 0.5371 0.774323 0.999335 1.20859 1.39878 1.56691 1.71033 1.82678 1.91442 1.97186 1.99821 1.99305 1.95645 1.88901 1.79176 1.66627 1.51449 1.33883 1.14206 0.927273 0.697864 0.45745 0.209821 -0.0411168 -0.291406 -0.5371 -0.774323 -0.999335 -1.20859 -1.39878 -1.56691 -1.71033 -1.82678 -1.91442 -1.97186 -1.99821 -1.99305 -1.95645 -1.88901 -1.79176 -1.66627 -1.51449 -1.33883 -1.14206 -0.927273 -0.697864 -0.45745 -0.209821 0.0411166 
1.97572 1.9212 1.83639 1.72261 1.58167 1.41578 1.22756 1.01999 0.796329 0.56011 0.315057 0.065036 -0.186011 -0.434124 -0.675391 -0.906006 -1.12233 -1.32096 -1.49876 -1.65291 -1.78101 -1.88101 -1.95135 -1.99091 -1.99908 -1.97572 -1.9212 -1.83639 -1.72261 -1.58167 -1.41578 -1.22756 -1.01999 -0.796329 -0.56011 -0.315057 -0.0650361 0.186011 0.434124 0.675391 0.906006 1.12233 1.32096 1.49876 1.65291 1.78101 1.88101 1.95135 1.99091 1.99908 
0.310681 0.555854 0.792262 1.01618 1.22406 1.41265 1.57895 1.72036 1.83463 1.91997 1.97503 1.99894 1.99133 1.95232 1.88251 1.78302 1.65541 1.50169 1.32428 1.126 0.909955 0.67956 0.438449 0.190422 -0.0606069 -0.31068 -0.555854 -0.792262 -1.01618 -1.22406 -1.41265 -1.57895 -1.72036 -1.83463 -1.91997 -1.97503 -1.99894 -1.99133 -1.95232 -1.88251 -1.78302 -1.65541 -1.50169 -1.32428 -1.126 -0.909955 -0.67956 -0.438449 -0.190422 0.0606067 
1.9726 1.91569 1.82858 1.71262 1.56966 1.40194 1.21211 1.00317 0.778407 0.541367 0.295789 0.0455471 -0.205414 -0.453135 -0.69371 -0.923344 -1.13842 -1.33554 -1.51159 -1.66381 -1.78979 -1.88754 -1.95553 -1.99268 -1.9984 -1.9726 -1.91569 -1.82858 -1.71262 -1.56966 -1.40194 -1.21211 -1.00317 -0.778407 -0.541367 -0.295789 -0.0455472 0.205413 0.453135 0.693709 0.923344 1.13842 1.33554 1.51159 1.66381 1.78979 1.88754 1.95553 1.99268 1.9984 
0.329925 0.574556 0.810126 1.03292 1.23942 1.42638 1.59084 1.73022 1.8423 1.92534 1.97801 1.99948 1.98942 1.94799 1.87584 1.7741 1.64439 1.48874 1.30961 1.10983 0.89255 0.661192 0.419406 0.171006 -0.0800912 -0.329925 -0.574556 -0.810125 -1.03292 -1.23942 -1.42638 -1.59084 -1.73022 -1.8423 -1.92534 -1.97801 -1.99948 -1.98942 -1.94799 -1.87584 -1.7741 -1.64439 -1.48874 -1.30961 -1.10983 -0.89255 -0.661192 -0.419406 -0.171006 0.080091 
1.96929 1.91 1.82059 1.70247 1.5575 1.38797 1.19655 0.986257 0.760411 0.522573 0.276494 0.0260538 -0.224797 -0.472102 -0.711962 -0.940594 -1.15439 -1.34999 -1.52429 -1.67455 -1.79841 -1.8939 -1.95953 -1.99425 -1.99752 -1.96929 -1.91 -1.82059 -1.70247 -1.5575 -1.38797 -1.19655 -0.986257 -0.760411 -0.522573 -0.276494 -0.0260539 0.224797 0.472102 0.711962 0.940594 1.15439 1.34999 1.52429 1.67455 1.79841 1.8939 1.95953 1.99425 1.99752 
0.349139 0.593203 0.827912 1.04956 1.25467 1.43998 1.60258 1.73991 1.8498 1.93052 1.9808 1.99983 1.98733 1.94348 1.86899 1.76502 1.63321 1.47565 1.29481 1.09356 0.875061 0.64276 0.400323 0.151573 -0.099568 -0.349138 -0.593203 -0.827912 -1.04956 -1.25466 -1.43998 -1.60258 -1.73991 -1.8498 -1.93052 -1.9808 -1.99983 -1.98733 -1.94348 -1.86899 -1.76502 -1.63321 -1.47565 -1.29481 -1.09356 -0.875061 -0.64276 -0.400323 -0.151573 0.0995677 
1.96579 1.90413 1.81244 1.69216 1.5452 1.37387 1.18087 0.969249 0.742343 0.503729 0.257171 0.00655802 -0.244159 -0.491025 -0.730148 -0.957755 -1.17026 -1.36431 -1.53684 -1.68513 -1.80685 -1.90008 -1.96334 -1.99563 -1.99645 -1.96579 -1.90413 -1.81244 -1.69216 -1.5452 -1.37387 -1.18087 -0.969249 -0.742343 -0.503729 -0.257172 -0.00655812 0.244159 0.491025 0.730148 0.957755 1.17026 1.36431 1.53684 1.68513 1.80685 1.90008 1.96334 1.99563 1.99645 
0.368319 0.611794 0.84562 1.06611 1.26979 1.45344 1.61417 1.74944 1.85713 1.93553 1.9834 1.99999 1.98504 1.93879 1.86196 1.75576 1.62188 1.46242 1.27989 1.07718 0.857488 0.624268 0.381203 0.132125 -0.119035 -0.368319 -0.611794 -0.84562 -1.06611 -1.26979 -1.45344 -1.61417 -1.74944 -1.85713 -1.93552 -1.9834 -1.99999 -1.98504 -1.93879 -1.86196 -1.75576 -1.62188 -1.46242 -1.27989 -1.07719 -0.857488 -0.624268 -0.381203 -0.132126 0.119035 
1.96211 1.89808 1.80411 1.68169 1.53275 1.35963 1.16508 0.952149 0.724204 0.484837 0.237825 -0.0129384 -0.263498 -0.509901 -0.748263 -0.974825 -1.18601 -1.3785 -1.54924 -1.69555 -1.81513 -1.90607 -1.96696 -1.99682 -1.9952 -1.96211 -1.89808 -1.80411 -1.68169 -1.53275 -1.35963 -1.16508 -0.952149 -0.724204 -0.484838 -0.237825 0.0129383 0.263497 0.509901 0.748263 0.974825 1.18601 1.3785 1.54924 1.69555 1.81513 1.90607 1.96696 1.99682 1.9952 
0.387464 0.630326 0.863248 1.08256 1.28479 1.46676 1.62561 1.75881 1.86428 1.94034 1.98581 1.99996 1.98257 1.93391 1.85475 1.74634 1.6104 1.44905 1.26485 1.06071 0.839834 0.605716 0.362046 0.112666 -0.138491 -0.387464 -0.630326 -0.863248 -1.08256 -1.28479 -1.46676 -1.62561 -1.75881 -1.86428 -1.94034 -1.98581 -1.99996 -1.98257 -1.93391 -1.85475 -1.74634 -1.6104 -1.44905 -1.26485 -1.06071 -0.839834 -0.605716 -0.362046 -0.112666 0.138491 
1.95824 1.89184 1.79561 1.67106 1.52015 1.34527 1.14918 0.934959 0.705996 0.4659 0.218456 -0.0324335 -0.282811 -0.528729 -0.766308 -0.991802 -1.20166 -1.39256 -1.5615 -1.70581 -1.82323 -1.91189 -1.97039 -1.99783 -1.99375 -1.95824 -1.89184 -1.79561 -1.67106 -1.52015 -1.34527 -1.14918 -0.934959 -0.705996 -0.4659 -0.218456 0.0324334 0.282811 0.528729 0.766308 0.991802 1.20166 1.39256 1.5615 1.70581 1.82323 1.91189 1.97039 1.99783 1.99375 
0.406573 0.648799 0.880793 1.0989 1.29967 1.47995 1.63689 1.76801 1.87125 1.94498 1.98803 1.99974 1.9799 1.92885 1.84737 1.73676 1.59876 1.43554 1.24969 1.04413 0.8221 0.587107 0.342854 0.0931951 -0.157934 -0.406572 -0.648799 -0.880793 -1.0989 -1.29967 -1.47995 -1.63689 -1.76801 -1.87125 -1.94498 -1.98803 -1.99974 -1.9799 -1.92885 -1.84737 -1.73676 -1.59876 -1.43554 -1.24969 -1.04413 -0.8221 -0.587107 -0.342854 -0.0931951 0.157934 
1.95418 1.88543 1.78694 1.66026 1.50741 1.33078 1.13317 0.91768 0.687722 0.446918 0.199066 -0.0519256 -0.302098 -0.547506 -0.78428 -1.00869 -1.21718 -1.40648 -1.57361 -1.71591 -1.83115 -1.91752 -1.97364 -1.99864 -1.99212 -1.95418 -1.88543 -1.78694 -1.66026 -1.50741 -1.33078 -1.13317 -0.91768 -0.687722 -0.446918 -0.199066 0.0519255 0.302098 0.547506 0.78428 1.00869 1.21718 1.40648 1.57361 1.71591 1.83115 1.91752 1.97364 1.99864 1.99212 
0.425643 0.66721 0.898255 1.11513 1.31443 1.49299 1.64801 1.77704 1.87804 1.94943 1.99007 1.99933 1.97705 1.9236 1.83981 1.72701 1.58697 1.4219 1.23441 1.02745 0.804288 0.568442 0.323631 0.0737156 -0.177362 -0.425642 -0.66721 -0.898255 -1.11513 -1.31443 -1.49299 -1.64801 -1.77704 -1.87804 -1.94943 -1.99007 -1.99933 -1.97705 -1.9236 -1.83981 -1.72701 -1.58697 -1.4219 -1.23441 -1.02745 -0.804288 -0.568442 -0.323631 -0.0737157 0.177361 
1.94994 1.87883 1.77809 1.64931 1.49452 1.31616 1.11705 0.900314 0.669382 0.427893 0.179657 -0.0714127 -0.321356 -0.566232 -0.802177 -1.02547 -1.23259 -1.42028 -1.58556 -1.72584 -1.83891 -1.92297 -1.9767 -1.99926 -1.9903 -1.94994 -1.87883 -1.77809 -1.64931 -1.49452 -1.31616 -1.11705 -0.900314 -0.669382 -0.427894 -0.179657 0.0714126 0.321356 0.566232 0.802177 1.02547 1.23259 1.42028 1.58556 1.72584 1.83891 1.92297 1.9767 1.99926 1.9903 
0.444672 0.685557 0.915632 1.13127 1.32906 1.50589 1.65898 1.7859 1.88466 1.95369 1.99191 1.99872 1.97401 1.91817 1.83208 1.71709 1.57503 1.40812 1.21901 1.01067 0.786399 0.549722 0.304376 0.0542292 -0.196773 -0.444671 -0.685557 -0.915632 -1.13127 -1.32906 -1.50589 -1.65898 -1.7859 -1.88466 -1.95369 -1.99191 -1.99872 -1.97401 -1.91817 -1.83208 -1.71709 -1.57503 -1.40812 -1.21901 -1.01067 -0.7864 -0.549722 -0.304376 -0.0542293 0.196772 
1.94551 1.87206 1.76908 1.63821 1.4815 1.30142 1.10082 0.882862 0.650978 0.408828 0.160231 -0.0908931 -0.340584 -0.584903 -0.819999 -1.04216 -1.24789 -1.43394 -1.59737 -1.73561 -1.84648 -1.92824 -1.97958 -1.9997 -1.98828 -1.94551 -1.87206 -1.76908 -1.63821 -1.4815 -1.30142 -1.10082 -0.882862 -0.650978 -0.408828 -0.160231 0.090893 0.340584 0.584903 0.819999 1.04216 1.24789 1.43394 1.59737 1.73561 1.84648 1.92824 1.97958 1.9997 1.98828 
0.463659 0.70384 0.932921 1.14729 1.34357 1.51865 1.66979 1.79459 1.89109 1.95777 1.99357 1.99793 1.97079 1.91256 1.82417 1.70701 1.56294 1.39421 1.2035 0.993803 0.768436 0.530951 0.285092 0.0347376 -0.216165 -0.463658 -0.70384 -0.932921 -1.14729 -1.34357 -1.51865 -1.66979 -1.79459 -1.89109 -1.95777 -1.99357 -1.99793 -1.97079 -1.91256 -1.82417 -1.70701 -1.56294 -1.39421 -1.2035 -0.993803 -0.768436 -0.530951 -0.285092 -0.0347377 0.216164 
1.9409 1.86511 1.75991 1.62695 1.46833 1.28656 1.08449 0.865326 0.632513 0.389724 0.14079 -0.110365 -0.359779 -0.603519 -0.837742 -1.05875 -1.26307 -1.44746 -1.60903 -1.74522 -1.85389 -1.93332 -1.98226 -1.99994 -1.98608 -1.9409 -1.86511 -1.75991 -1.62695 -1.46833 -1.28656 -1.08449 -0.865326 -0.632513 -0.389725 -0.14079 0.110365 0.359779 0.603519 0.837742 1.05875 1.26307 1.44746 1.60903 1.74522 1.85389 1.93332 1.98226 1.99994 1.98608 
0.482602 0.722055 0.950122 1.1632 1.35794 1.53127 1.68044 1.80311 1.89735 1.96166 1.99504 1.99695 1.96737 1.90677 1.81609 1.69677 1.5507 1.38017 1.18787 0.976837 0.7504 0.512129 0.265782 0.0152428 -0.235537 -0.482601 -0.722055 -0.950122 -1.1632 -1.35794 -1.53127 -1.68044 -1.80311 -1.89735 -1.96166 -1.99504 -1.99695 -1.96737 -1.90677 -1.81609 -1.69677 -1.5507 -1.38017 -1.18787 -0.976837 -0.7504 -0.512129 -0.265782 -0.0152428 0.235536 
1.9361 1.85798 1.75056 1.61553 1.45502 1.27157 1.06806 0.847708 0.613987 0.370583 0.121336 -0.129826 -0.37894 -0.622078 -0.855405 -1.07524 -1.27812 -1.46085 -1.62053 -1.75466 -1.86111 -1.93822 -1.98476 -2 -1.98369 -1.9361 -1.85798 -1.75056 -1.61553 -1.45502 -1.27157 -1.06806 -0.847708 -0.613987 -0.370584 -0.121336 0.129826 0.37894 0.622078 0.855405 1.07524 1.27812 1.46085 1.62053 1.75466 1.86111 1.93822 1.98476 2 1.98369 
0.501499 0.740202 0.967233 1.17901 1.37219 1.54373 1.69093 1.81146 1.90342 1.96537 1.99632 1.99578 1.96377 1.90079 1.80784 1.68637 1.53831 1.36599 1.17213 0.959778 0.732293 0.493259 0.246446 -0.00425358 -0.254886 -0.501499 -0.740202 -0.967233 -1.17901 -1.37219 -1.54373 -1.69093 -1.81146 -1.90342 -1.96537 -1.99632 -1.99578 -1.96377 -1.90079 -1.80784 -1.68637 -1.53831 -1.36599 -1.17213 -0.959778 -0.732293 -0.493259 -0.246446 0.00425353 0.254885 
1.93112 1.85068 1.74105 1.60396 1.44158 1.25646 1.05153 0.830009 0.595403 0.351407 0.101869 -0.149275 -0.398065 -0.640578 -0.872988 -1.09163 -1.29306 -1.47409 -1.63188 -1.76393 -1.86816 -1.94294 -1.98707 -1.99986 -1.98111 -1.93112 -1.85068 -1.74105 -1.60396 -1.44158 -1.25646 -1.05153 -0.830009 -0.595403 -0.351407 -0.10187 0.149275 0.398065 0.640577 0.872988 1.09163 1.29306 1.47409 1.63188 1.76393 1.86816 1.94294 1.98707 1.99986 1.98111 
0.520349 0.758279 0.984251 1.1947 1.38631 1.55606 1.70126 1.81964 1.90932 1.96889 1.9974 1.99442 1.95999 1.89464 1.79941 1.67581 1.52578 1.35169 1.15627 0.942628 0.714115 0.474341 0.227087 -0.0237495 -0.274211 -0.520348 -0.758279 -0.984251 -1.1947 -1.38631 -1.55606 -1.70126 -1.81964 -1.90932 -1.96889 -1.9974 -1.99442 -1.95999 -1.89464 -1.79941 -1.67581 -1.52578 -1.35169 -1.15627 -0.942628 -0.714116 -0.474341 -0.227087 0.0237495 0.27421 
1.92596 1.8432 1.73137 1.59224 1.42799 1.24123 1.03489 0.812232 0.576763 0.332198 0.0823938 -0.16871 -0.417152 -0.659016 -0.890487 -1.10791 -1.30787 -1.4872 -1.64307 -1.77304 -1.87504 -1.94747 -1.98919 -1.99953 -1.97835 -1.92596 -1.8432 -1.73137 -1.59224 -1.42799 -1.24123 -1.03489 -0.812232 -0.576763 -0.332198 -0.0823939 0.168709 0.417152 0.659016 0.890487 1.10791 1.30787 1.4872 1.64307 1.77304 1.87504 1.94747 1.98919 1.99953 1.97835 
0.539149 0.776283 1.00118 1.21028 1.4003 1.56823 1.71143 1.82764 1.91503 1.97222 1.9983 1.99287 1.95601 1.88831 1.79082 1.66509 1.5131 1.33725 1.14031 0.925388 0.69587 0.455379 0.207706 -0.0432432 -0.29351 -0.539148 -0.776283 -1.00118 -1.21028 -1.4003 -1.56823 -1.71143 -1.82764 -1.91503 -1.97222 -1.9983 -1.99287 -1.95601 -1.88831 -1.79082 -1.66509 -1.5131 -1.33725 -1.14031 -0.925388 -0.695871 -0.455379 -0.207706 0.0432431 0.293509 
1.92061 1.83554 1.72153 1.58036 1.41428 1.22588 1.01816 0.794377 0.558067 0.312957 0.0629103 -0.188128 -0.4362 -0.677392 -0.907902 -1.12409 -1.32256 -1.50016 -1.65411 -1.78197 -1.88173 -1.95181 -1.99112 -1.99902 -1.97539 -1.92061 -1.83554 -1.72153 -1.58036 -1.41428 -1.22588 -1.01816 -0.794377 -0.558068 -0.312957 -0.0629104 0.188128 0.4362 0.677392 0.907902 1.12409 1.32256 1.50016 1.65411 1.78197 1.88173 1.95181 1.99112 1.99902 1.97539 
0.557898 0.794214 1.01801 1.22574 1.41415 1.58026 1.72144 1.83547 1.92056 1.97536 1.99901 1.99113 1.95185 1.88179 1.78205 1.65421 1.50028 1.32269 1.12424 0.90806 0.677559 0.436373 0.188305 -0.0627327 -0.312781 -0.557897 -0.794214 -1.01801 -1.22574 -1.41415 -1.58026 -1.72144 -1.83547 -1.92056 -1.97536 -1.99901 -1.99113 -1.95185 -1.88179 -1.78205 -1.65421 -1.50028 -1.32269 -1.12424 -0.90806 -0.677559 -0.436373 -0.188305 0.0627327 0.31278 
1.91508 1.82772 1.71152 1.56834 1.40042 1.21042 1.00133 0.776447 0.539319 0.293686 0.0434207 -0.207529 -0.455206 -0.695704 -0.92523 -1.14017 -1.33712 -1.51299 -1.66499 -1.79074 -1.88825 -1.95598 -1.99286 -1.99831 -1.97225 -1.91508 -1.82772 -1.71152 -1.56834 -1.40042 -1.21042 -1.00133 -0.776447 -0.539319 -0.293686 -0.0434208 0.207529 0.455206 0.695704 0.92523 1.14017 1.33712 1.51299 1.66499 1.79074 1.88825 1.95598 1.99286 1.99831 1.97225 
0.576594 0.81207 1.03474 1.24109 1.42787 1.59213 1.73128 1.84313 1.92591 1.97832 1.99953 1.9892 1.94751 1.8751 1.77312 1.64317 1.48732 1.308 1.10806 0.890646 0.659184 0.417326 0.168887 -0.0822163 -0.332023 -0.576593 -0.81207 -1.03474 -1.24109 -1.42787 -1.59213 -1.73128 -1.84313 -1.92591 -1.97832 -1.99953 -1.9892 -1.94751 -1.8751 -1.77312 -1.64317 -1.48732 -1.308 -1.10806 -0.890646 -0.659184 -0.417326 -0.168887 0.0822163 0.332022 
1.90937 1.81971 1.70136 1.55617 1.38644 1.19484 0.984406 0.758443 0.52052 0.274387 0.0239271 -0.22691 -0.474169 -0.71395 -0.942471 -1.15613 -1.35155 -1.52566 -1.67571 -1.79934 -1.89458 -1.95995 -1.99441 -1.99741 -1.96892 -1.90937 -1.81971 -1.70136 -1.55617 -1.38644 -1.19484 -0.984406 -0.758443 -0.52052 -0.274387 -0.0239272 0.22691 0.474169 0.713949 0.942471 1.15613 1.35155 1.52566 1.67571 1.79934 1.89458 1.95995 1.99441 1.99741 1.96892 
0.595235 0.829848 1.05137 1.25632 1.44145 1.60385 1.74096 1.85061 1.93108 1.98109 1.99986 1.98709 1.94298 1.86823 1.76401 1.63198 1.47421 1.29319 1.09178 0.873148 0.640746 0.398239 0.149452 -0.101692 -0.351232 -0.595234 -0.829848 -1.05137 -1.25632 -1.44145 -1.60385 -1.74096 -1.85061 -1.93108 -1.98109 -1.99986 -1.98709 -1.94298 -1.86823 -1.76401 -1.63198 -1.47421 -1.29319 -1.09178 -0.873148 -0.640746 -0.398239 -0.149452 0.101692 0.351231 
1.90348 1.81154 1.69103 1.54385 1.37232 1.17915 0.967388 0.740367 0.501671 0.255062 0.00443119 -0.24627 -0.493087 -0.732127 -0.959622 -1.17198 -1.36586 -1.5382 -1.68628 -1.80776 -1.90074 -1.96374 -1.99577 -1.99633 -1.9654 -1.90348 -1.81154 -1.69103 -1.54385 -1.37232 -1.17915 -0.967388 -0.740367 -0.501671 -0.255062 -0.00443129 0.24627 0.493086 0.732127 0.959622 1.17198 1.36586 1.5382 1.68628 1.80776 1.90074 1.96374 1.99577 1.99633 1.9654 
0.613819 0.847547 1.06791 1.27143 1.4549 1.61543 1.75047 1.85792 1.93606 1.98367 2 1.98478 1.93826 1.86118 1.75474 1.62063 1.46097 1.27826 1.07539 0.855566 0.622247 0.379114 0.130003 -0.121158 -0.370409 -0.613818 -0.847547 -1.06791 -1.27143 -1.4549 -1.61543 -1.75047 -1.85792 -1.93606 -1.98367 -2 -1.98478 -1.93826 -1.86118 -1.75474 -1.62063 -1.46097 -1.27826 -1.07539 -0.855566 -0.622247 -0.379115 -0.130003 0.121158 0.370408 
1.8974 1.80319 1.68054 1.53138 1.35807 1.16335 0.950278 0.722221 0.482774 0.235713 -0.0150651 -0.265606 -0.511958 -0.750235 -0.976682 -1.18773 -1.38004 -1.55059 -1.69668 -1.81602 -1.90671 -1.96734 -1.99694 -1.99505 -1.9617 -1.8974 -1.80319 -1.68054 -1.53138 -1.35807 -1.16335 -0.950278 -0.722221 -0.482774 -0.235713 0.015065 0.265606 0.511957 0.750235 0.976682 1.18773 1.38004 1.55059 1.69668 1.81602 1.90671 1.96734 1.99694 1.99505 1.96169 
0.632346 0.865166 1.08434 1.28642 1.46821 1.62684 1.75982 1.86505 1.94086 1.98606 1.99994 1.98228 1.93336 1.85395 1.74531 1.60913 1.44758 1.2632 1.0589 0.837903 0.603689 0.359954 0.110542 -0.140613 -0.38955 -0.632344 -0.865166 -1.08434 -1.28642 -1.46821 -1.62684 -1.75982 -1.86505 -1.94086 -1.98606 -1.99994 -1.98228 -1.93336 -1.85395 -1.74531 -1.60913 -1.44758 -1.2632 -1.0589 -0.837903 -0.603689 -0.359954 -0.110542 0.140613 0.389549 
1.89115 1.79467 1.66989 1.51877 1.3437 1.14744 0.933078 0.704006 0.463831 0.216342 -0.0345601 -0.284917 -0.53078 -0.768272 -0.993649 -1.20335 -1.39408 -1.56283 -1.70692 -1.8241 -1.91251 -1.97076 -1.99793 -1.99359 -1.95781 -1.89115 -1.79467 -1.66989 -1.51877 -1.3437 -1.14744 -0.933078 -0.704006 -0.463831 -0.216342 0.03456 0.284916 0.53078 0.768272 0.993649 1.20335 1.39408 1.56283 1.70692 1.8241 1.91251 1.97076 1.99793 1.99359 1.9578 
0.650812 0.882702 1.10067 1.30129 1.48138 1.63811 1.769 1.872 1.94547 1.98826 1.9997 1.9796 1.92828 1.84655 1.7357 1.59748 1.43406 1.24803 1.04231 0.820161 0.585073 0.340759 0.0910705 -0.160054 -0.408655 -0.65081 -0.882702 -1.10067 -1.30129 -1.48138 -1.63811 -1.769 -1.872 -1.94547 -1.98826 -1.9997 -1.9796 -1.92828 -1.84655 -1.7357 -1.59748 -1.43406 -1.24803 -1.04231 -0.820161 -0.585073 -0.340759 -0.0910706 0.160054 0.408653 
1.88472 1.78598 1.65908 1.50601 1.32919 1.13141 0.91579 0.685724 0.444845 0.196949 -0.0540517 -0.3042 -0.549552 -0.786236 -1.01052 -1.21887 -1.408 -1.57492 -1.717 -1.83201 -1.91812 -1.97399 -1.99872 -1.99193 -1.95373 -1.88472 -1.78598 -1.65908 -1.50601 -1.32919 -1.13141 -0.91579 -0.685724 -0.444845 -0.19695 0.0540516 0.3042 0.549552 0.786236 1.01052 1.21887 1.408 1.57492 1.717 1.83201 1.91812 1.97399 1.99872 1.99193 1.95373 
0.669216 0.900155 1.1169 1.31603 1.49441 1.64921 1.77801 1.87877 1.9499 1.99028 1.99927 1.97673 1.92302 1.83898 1.72593 1.58567 1.4204 1.23273 1.02562 0.80234 0.566402 0.321532 0.0715902 -0.17948 -0.42772 -0.669214 -0.900155 -1.1169 -1.31603 -1.49441 -1.64921 -1.77801 -1.87877 -1.9499 -1.99028 -1.99927 -1.97673 -1.92302 -1.83898 -1.72593 -1.58567 -1.4204 -1.23273 -1.02562 -0.80234 -0.566402 -0.321532 -0.0715903 0.17948 0.427718 
1.8781 1.77712 1.64811 1.49311 1.31456 1.11528 0.898414 0.667377 0.425816 0.177539 -0.0735382 -0.323455 -0.568271 -0.804125 -1.0273 -1.23427 -1.42178 -1.58686 -1.72692 -1.83974 -1.92355 -1.97703 -1.99932 -1.99009 -1.94947 -1.8781 -1.77712 -1.64811 -1.49311 -1.31456 -1.11528 -0.898414 -0.667377 -0.425816 -0.177539 0.0735381 0.323455 0.568271 0.804125 1.0273 1.23427 1.42178 1.58686 1.72692 1.83974 1.92355 1.97703 1.99932 1.99009 1.94947 
0.687557 0.917522 1.13302 1.33065 1.50729 1.66016 1.78686 1.88537 1.95414 1.9921 1.99865 1.97367 1.91757 1.83122 1.716 1.57372 1.40661 1.21732 1.00884 0.784443 0.547677 0.302274 0.0521031 -0.198889 -0.446745 -0.687555 -0.917522 -1.13302 -1.33065 -1.50729 -1.66016 -1.78686 -1.88537 -1.95414 -1.9921 -1.99865 -1.97367 -1.91757 -1.83122 -1.716 -1.57372 -1.40661 -1.21732 -1.00884 -0.784444 -0.547677 -0.302274 -0.0521032 0.198889 0.446743 
1.87131 1.76809 1.63699 1.48007 1.29981 1.09905 0.880953 0.648967 0.406746 0.158111 -0.0930176 -0.342679 -0.586937 -0.821938 -1.04398 -1.24955 -1.43542 -1.59865 -1.73667 -1.8473 -1.9288 -1.97988 -1.99973 -1.98805 -1.94502 -1.87131 -1.76809 -1.63699 -1.48007 -1.29981 -1.09905 -0.880953 -0.648967 -0.406746 -0.158111 0.0930175 0.342679 0.586937 0.821938 1.04398 1.24955 1.43542 1.59865 1.73667 1.8473 1.9288 1.97988 1.99973 1.98805 1.94502 
0.705832 0.934802 1.14903 1.34514 1.52003 1.67096 1.79553 1.89178 1.9582 1.99374 1.99784 1.97042 1.91194 1.8233 1.70591 1.56161 1.39268 1.2018 0.991957 0.766472 0.5289 0.282987 0.0326111 -0.218279 -0.465727 -0.70583 -0.934802 -1.14903 -1.34514 -1.52003 -1.67096 -1.79553 -1.89178 -1.9582 -1.99374 -1.99784 -1.97042 -1.91194 -1.8233 -1.70591 -1.56161 -1.39268 -1.2018 -0.991957 -0.766472 -0.5289 -0.282987 -0.0326112 0.218279 0.465725 
1.86434 1.75889 1.62571 1.46688 1.28493 1.0827 0.863408 0.630495 0.387638 0.138668 -0.112488 -0.361871 -0.605547 -0.839673 -1.06056 -1.26471 -1.44893 -1.61029 -1.74626 -1.85468 -1.93386 -1.98254 -1.99996 -1.98583 -1.94039 -1.86434 -1.75889 -1.62571 -1.46688 -1.28493 -1.0827 -0.863408 -0.630495 -0.387638 -0.138668 0.112488 0.361871 0.605547 0.839673 1.06056 1.26471 1.44893 1.61029 1.74626 1.85468 1.93386 1.98254 1.99996 1.98583 1.94039 
0.724041 0.951993 1.16493 1.3595 1.53263 1.68159 1.80403 1.89802 1.96207 1.99519 1.99683 1.96699 1.90613 1.8152 1.69565 1.54935 1.37863 1.18616 0.97498 0.748428 0.510073 0.263674 0.013116 -0.237649 -0.484665 -0.724038 -0.951993 -1.16493 -1.3595 -1.53263 -1.68159 -1.80403 -1.89802 -1.96207 -1.99519 -1.99683 -1.96699 -1.90613 -1.8152 -1.69565 -1.54935 -1.37863 -1.18616 -0.97498 -0.748428 -0.510073 -0.263674 -0.0131161 0.237649 0.484663 
1.8572 1.74953 1.61428 1.45356 1.26993 1.06626 0.845781 0.611963 0.368493 0.119213 -0.131948 -0.381028 -0.624099 -0.857327 -1.07704 -1.27976 -1.4623 -1.62178 -1.75568 -1.86189 -1.93874 -1.98502 -1.99999 -1.98342 -1.93557 -1.85719 -1.74953 -1.61428 -1.45356 -1.26993 -1.06626 -0.845781 -0.611963 -0.368493 -0.119213 0.131948 0.381028 0.624099 0.857327 1.07704 1.27976 1.4623 1.62178 1.75568 1.86189 1.93874 1.98502 1.99999 1.98342 1.93557 
0.74218 0.969093 1.18073 1.37374 1.54509 1.69207 1.81236 1.90408 1.96576 1.99644 1.99564 1.96337 1.90013 1.80693 1.68523 1.53695 1.36444 1.1704 0.957911 0.730313 0.491197 0.244335 -0.00638041 -0.256995 -0.503557 -0.742178 -0.969094 -1.18073 -1.37374 -1.54509 -1.69207 -1.81236 -1.90407 -1.96576 -1.99644 -1.99564 -1.96337 -1.90013 -1.80693 -1.68523 -1.53695 -1.36444 -1.1704 -0.957911 -0.730313 -0.491197 -0.244335 0.00638029 0.256996 0.503555 
1.84987 1.74 1.60269 1.4401 1.2548 1.04972 0.828074 0.593373 0.349313 0.0997454 -0.151396 -0.400149 -0.642592 -0.874901 -1.09341 -1.29468 -1.47553 -1.63311 -1.76493 -1.86892 -1.94344 -1.98731 -1.99983 -1.98082 -1.93057 -1.84987 -1.74 -1.60269 -1.4401 -1.2548 -1.04972 -0.828074 -0.593373 -0.349313 -0.0997455 0.151396 0.400149 0.642592 0.874901 1.09341 1.29468 1.47553 1.63311 1.76493 1.86892 1.94344 1.98731 1.99983 1.98082 1.93057 
0.760249 0.986102 1.19641 1.38784 1.55739 1.70238 1.82052 1.90995 1.96926 1.99751 1.99426 1.95956 1.89396 1.79849 1.67465 1.5244 1.35012 1.15454 0.940751 0.712128 0.472275 0.224973 -0.0258762 -0.276318 -0.522401 -0.760247 -0.986102 -1.19641 -1.38784 -1.55739 -1.70238 -1.82052 -1.90995 -1.96926 -1.99751 -1.99426 -1.95956 -1.89396 -1.79849 -1.67465 -1.5244 -1.35012 -1.15454 -0.940751 -0.712128 -0.472275 -0.224973 0.025876 0.276318 0.522399 
1.84237 1.73031 1.59095 1.4265 1.23956 1.03307 0.810288 0.574726 0.3301 0.0802687 -0.170829 -0.419232 -0.661024 -0.892391 -1.10968 -1.30948 -1.48862 -1.64429 -1.77402 -1.87578 -1.94795 -1.98941 -1.99949 -1.97803 -1.92538 -1.84237 -1.73031 -1.59095 -1.4265 -1.23956 -1.03307 -0.810288 -0.574726 -0.3301 -0.0802688 0.170829 0.419232 0.661024 0.892391 1.10968 1.30948 1.48862 1.64429 1.77402 1.87578 1.94795 1.98941 1.99949 1.97803 1.92538 
0.778246 1.00302 1.21197 1.40181 1.56955 1.71253 1.82851 1.91564 1.97257 1.99839 1.99269 1.95557 1.8876 1.78987 1.66391 1.51171 1.33567 1.13856 0.923502 0.693876 0.453308 0.20559 -0.0453695 -0.295614 -0.541196 -0.778243 -1.00302 -1.21197 -1.40181 -1.56955 -1.71253 -1.82851 -1.91564 -1.97257 -1.99839 -1.99269 -1.95557 -1.8876 -1.78987 -1.66391 -1.51171 -1.33567 -1.13856 -0.923502 -0.693876 -0.453308 -0.20559 0.0453693 0.295614 0.541193 
1.8347 1.72045 1.57906 1.41277 1.2242 1.01633 0.792425 0.556025 0.310856 0.0607844 -0.190246 -0.438275 -0.679393 -0.909796 -1.12585 -1.32415 -1.50157 -1.65531 -1.78294 -1.88245 -1.95228 -1.99131 -1.99895 -1.97506 -1.92002 -1.8347 -1.72045 -1.57906 -1.41277 -1.2242 -1.01633 -0.792425 -0.556025 -0.310856 -0.0607845 0.190245 0.438275 0.679393 0.909796 1.12585 1.32415 1.50157 1.65531 1.78294 1.88245 1.95228 1.99131 1.99895 1.97506 1.92002 
0.796169 1.01984 1.22742 1.41565 1.58156 1.72252 1.83632 1.92116 1.97569 1.99908 1.99093 1.95139 1.88107 1.78109 1.65301 1.49887 1.32109 1.12248 0.906165 0.675558 0.434297 0.186188 -0.0648585 -0.314882 -0.559939 -0.796166 -1.01984 -1.22742 -1.41565 -1.58156 -1.72252 -1.83632 -1.92115 -1.97569 -1.99908 -1.99093 -1.95139 -1.88107 -1.78109 -1.65301 -1.49887 -1.32109 -1.12248 -0.906165 -0.675558 -0.434297 -0.186188 0.0648583 0.314882 0.559936 
1.82685 1.71042 1.56702 1.3989 1.20873 0.999488 0.774487 0.537271 0.291582 0.0412944 -0.209644 -0.457277 -0.697698 -0.927115 -1.14191 -1.3387 -1.51438 -1.66617 -1.79169 -1.88895 -1.95642 -1.99304 -1.99822 -1.97189 -1.91447 -1.82685 -1.71042 -1.56702 -1.3989 -1.20873 -0.999489 -0.774487 -0.537271 -0.291582 -0.0412945 0.209644 0.457277 0.697698 0.927115 1.14191 1.3387 1.51438 1.66617 1.79169 1.88895 1.95642 1.99303 1.99822 1.97189 1.91447 
0.814017 1.03656 1.24276 1.42936 1.59342 1.73235 1.84396 1.92648 1.97863 1.99957 1.98898 1.94702 1.87436 1.77213 1.64196 1.48589 1.30639 1.10629 0.888741 0.657176 0.415246 0.166767 -0.0843413 -0.33412 -0.578629 -0.814013 -1.03656 -1.24276 -1.42936 -1.59342 -1.73235 -1.84396 -1.92648 -1.97863 -1.99957 -1.98898 -1.94702 -1.87436 -1.77213 -1.64196 -1.48589 -1.30639 -1.10629 -0.888741 -0.657176 -0.415246 -0.166767 0.0843412 0.334121 0.578625 
1.81883 1.70024 1.55483 1.3849 1.19314 0.982554 0.756475 0.518466 0.27228 0.0218004 -0.229023 -0.476235 -0.715936 -0.944346 -1.15786 -1.35312 -1.52704 -1.67687 -1.80026 -1.89526 -1.96037 -1.99457 -1.9973 -1.96854 -1.90874 -1.81883 -1.70024 -1.55483 -1.3849 -1.19314 -0.982554 -0.756475 -0.518466 -0.27228 -0.0218005 0.229023 0.476235 0.715936 0.944346 1.15786 1.35312 1.52704 1.67687 1.80026 1.89526 1.96037 1.99457 1.9973 1.96854 1.90873 
0.831787 1.05318 1.25797 1.44293 1.60512 1.74201 1.85142 1.93163 1.98138 1.99988 1.98684 1.94247 1.86747 1.76301 1.63075 1.47277 1.29157 1.09 0.871234 0.638731 0.396155 0.147331 -0.103816 -0.353326 -0.597264 -0.831782 -1.05318 -1.25797 -1.44293 -1.60512 -1.74201 -1.85142 -1.93163 -1.98138 -1.99988 -1.98684 -1.94247 -1.86747 -1.76301 -1.63075 -1.47277 -1.29157 -1.09 -0.871234 -0.638731 -0.396155 -0.147331 0.103816 0.353327 0.59726 
1.81064 1.68989 1.54249 1.37077 1.17743 0.965526 0.738391 0.499611 0.252952 0.00230435 -0.24838 -0.495147 -0.734106 -0.961487 -1.17371 -1.36741 -1.53956 -1.68742 -1.80867 -1.9014 -1.96414 -1.99591 -1.9962 -1.96501 -1.90282 -1.81063 -1.68989 -1.54249 -1.37077 -1.17743 -0.965526 -0.738391 -0.499611 -0.252953 -0.00230445 0.24838 0.495147 0.734106 0.961487 1.17371 1.36741 1.53956 1.68742 1.80867 1.9014 1.96414 1.99591 1.9962 1.96501 1.90282 
0.849478 1.06971 1.27307 1.45636 1.61668 1.7515 1.8587 1.93659 1.98394 2 1.98452 1.93774 1.8604 1.75372 1.61939 1.45951 1.27662 1.0736 0.853643 0.620225 0.377026 0.127881 -0.123281 -0.372499 -0.615842 -0.849473 -1.06971 -1.27307 -1.45636 -1.61668 -1.7515 -1.8587 -1.93659 -1.98394 -2 -1.98452 -1.93774 -1.8604 -1.75372 -1.61939 -1.45951 -1.27662 -1.0736 -0.853643 -0.620225 -0.377026 -0.127881 0.123281 0.3725 0.615838 
1.80227 1.67938 1.53001 1.35651 1.16162 0.948406 0.720237 0.48071 0.233601 -0.0171919 -0.267714 -0.514013 -0.752207 -0.978537 -1.18944 -1.38158 -1.55193 -1.69781 -1.81691 -1.90736 -1.96772 -1.99706 -1.9949 -1.96128 -1.89673 -1.80227 -1.67938 -1.53001 -1.35651 -1.16162 -0.948406 -0.720237 -0.48071 -0.233601 0.0171918 0.267713 0.514013 0.752206 0.978537 1.18944 1.38158 1.55193 1.69781 1.81691 1.90736 1.96772 1.99706 1.9949 1.96128 1.89673 
0.867088 1.08613 1.28805 1.46965 1.62808 1.76083 1.86581 1.94137 1.98631 1.99993 1.982 1.93282 1.85316 1.74427 1.60787 1.44611 1.26155 1.0571 0.835971 0.601661 0.357861 0.108418 -0.142734 -0.391636 -0.634362 -0.867083 -1.08613 -1.28805 -1.46965 -1.62808 -1.76083 -1.86581 -1.94137 -1.98631 -1.99993 -1.982 -1.93282 -1.85316 -1.74427 -1.60787 -1.44611 -1.26155 -1.0571 -0.835972 -0.601661 -0.357861 -0.108419 0.142734 0.391637 0.634357 
1.79373 1.66871 1.51738 1.34212 1.14569 0.931197 0.702015 0.461762 0.214227 -0.0366866 -0.287022 -0.53283 -0.770236 -0.995494 -1.20505 -1.39561 -1.56415 -1.70803 -1.82497 -1.91313 -1.97112 -1.99802 -1.99341 -1.95737 -1.89046 -1.79373 -1.66871 -1.51738 -1.34212 -1.14569 -0.931197 -0.702015 -0.461762 -0.214227 0.0366865 0.287021 0.53283 0.770235 0.995494 1.20505 1.39561 1.56415 1.70803 1.82497 1.91313 1.97112 1.99802 1.99341 1.95737 1.89045 
0.884616 1.10245 1.3029 1.48281 1.63933 1.76999 1.87275 1.94596 1.98849 1.99966 1.9793 1.92772 1.84573 1.73464 1.5962 1.43258 1.24637 1.0405 0.81822 0.583039 0.338663 0.0889458 -0.162174 -0.410736 -0.652821 -0.88461 -1.10245 -1.3029 -1.48281 -1.63933 -1.76999 -1.87275 -1.94596 -1.98849 -1.99966 -1.9793 -1.92772 -1.84573 -1.73464 -1.5962 -1.43258 -1.24637 -1.0405 -0.81822 -0.583039 -0.338663 -0.0889459 0.162174 0.410738 0.652815 
1.78502 1.65789 1.50461 1.3276 1.12966 0.913898 0.683726 0.442771 0.194833 -0.0561777 -0.306302 -0.551596 -0.788191 -1.01236 -1.22056 -1.40951 -1.57623 -1.71809 -1.83286 -1.91872 -1.97433 -1.99879 -1.99174 -1.95327 -1.884 -1.78502 -1.65789 -1.50461 -1.3276 -1.12966 -0.913898 -0.683726 -0.442771 -0.194833 0.0561776 0.306302 0.551596 0.788191 1.01236 1.22056 1.40951 1.57623 1.71809 1.83286 1.91872 1.97433 1.99879 1.99174 1.95327 1.884 
0.90206 1.11866 1.31763 1.49582 1.65042 1.77899 1.8795 1.95037 1.99049 1.99921 1.97641 1.92243 1.83814 1.72486 1.58438 1.41891 1.23106 1.0238 0.800392 0.564362 0.319432 0.0694647 -0.181598 -0.429797 -0.671218 -0.902054 -1.11866 -1.31763 -1.49582 -1.65042 -1.77899 -1.8795 -1.95037 -1.99049 -1.99921 -1.97641 -1.92243 -1.83814 -1.72486 -1.58438 -1.41891 -1.23106 -1.0238 -0.800392 -0.564362 -0.319432 -0.0694648 0.181598 0.429799 0.671212 
1.77615 1.6469 1.49169 1.31296 1.11352 0.896513 0.665372 0.423737 0.17542 -0.0756635 -0.325554 -0.57031 -0.806072 -1.02912 -1.23594 -1.42327 -1.58815 -1.72799 -1.84057 -1.92413 -1.97735 -1.99938 -1.98987 -1.94899 -1.87737 -1.77614 -1.6469 -1.49169 -1.31296 -1.11352 -0.896513 -0.665372 -0.423737 -0.17542 0.0756634 0.325554 0.57031 0.806072 1.02912 1.23594 1.42327 1.58815 1.72799 1.84057 1.92413 1.97735 1.99938 1.98987 1.94899 1.87737 
0.919419 1.13477 1.33224 1.50869 1.66135 1.78781 1.88608 1.9546 1.99229 1.99857 1.97333 1.91696 1.83037 1.71491 1.5724 1.4051 1.21564 1.007 0.782487 0.545631 0.300171 0.049977 -0.201005 -0.448818 -0.689552 -0.919411 -1.13477 -1.33224 -1.50869 -1.66135 -1.78781 -1.88608 -1.9546 -1.99229 -1.99857 -1.97333 -1.91696 -1.83037 -1.71491 -1.5724 -1.4051 -1.21564 -1.007 -0.782487 -0.545631 -0.300171 -0.049977 0.201005 0.44882 0.689545 
